1	100000		
2	100000		
3	100000		
4	100001		
5	100001		
6	100001		
7	6		
8	6		
9	6		
10	6		
11	6		
12	6		
13	6		
14	6		
15	6		
16	6		
17	6		
18	6		
19	6		
20	6		
21	6		
22	4		
23	4		
24	4		
25	4		
26	4		
27	4		
28	6		
29	100001		
30	100001		
31	100001		
32	100001		
34	100001		
35	100001		
36	35		
37	35		
38	35		
39	35		
40	29		
41	100001		
42	100001		
43	100001		
44	100001		
45	44		
46	100001		
47	4		
48	22		
49	35	 
49     36	 
49     37
50	35	 
50     36	 
50     37
51	100001		
52	51		
53	51		
54	43		
55	43		
56	36	 
56     37	 
56     38
57	36	 
57     37	 
57     38
58	36	 
58     37	 
58     38
59	36	 
59     37	 
59     38
60	44	 
60     45
61	44	 
61     45	
62	44	 
62     45
63	100001		
64	100001		
65	100001		
66	44	 
66     45
67	44	 
67     45
68	44	 
68     45
69	44	 
69     45
70	44	 
70     45
78	100001		
71	100001		
72	64		
73	100001		
75	100001		
76	100001		
77	100001		
79	100001		
80	100001		
81	100001		
82	30		
74	100001		
83	100001		
84	41		
85	100001		
86	100001		
87	100001		
88	78		
89	78		
90	100001		
91	73		
92	100001		
93	77		
94	77		
95	100001		
96	100001		
97	100001		
98	78		
104	100001		
105	100001		
106	100001		
107	100001		
99	40	
99     100001	
100	40	
100    100001	
101	40	
101    100001	
102	40	
102    100001	
103	100001		
108	100001		
109	100001		
110	100001		
112	100001		
113	100001		
111	100001		
114	100001		
116	74		
117	100001		
118	100001		
119	100001		
120	100001		
121	100001		
122	95		
123	95		
124	100001		
125	100001		
126	100001		
127	100001		
115	82		
128	100001		
129	100001		
130	100001		
131	100001		
132	100001		
135	100001		
136	100001		
137	74		
138	100001		
139	100001		
140	100001		
141	0		
142	64		
143	100001		
144	100001		
145	146		
146	145		
147	100001		
148	81		
149	100001		
150	100001		
151	100001		
152	100001		
153	100001		
154	100001		
155	138		
156	100001		
158	100001		
159	100001		
160	100001		
161	160		
162	160		
163	0		
164	0		
165	0		
166	0		
167	0		
168	0		
169	0		
170	153		
171	100001		
172	100001		
173	100001		
174	100001		
175	100001		
176	100001		
177	100001		
178	100001		
179	100001		
180	100001		
181	100001		
182	100001		
183	100001		
184	100001		
185	100001		
187	100001		
188	100001		
189	100001		
190	100001		
191	100001		
192	100001		
193	100001		
194	195		
195	194		
196	100001		
197	100001		
198	100001		
199	100001		
200	100001		
201	100001		
202	100001		
204	171		
205	171		
206	100001		
207	157		
208	100001		
209	100001		
210	100001		
211	100001		
212	100001		
213	142		
214	142		
215	142		
216	100001		
219	218		
220	100001		
221	100001		
222	100001		
223	100001		
224	172		
225	172		
226	172		
227	100001		
228	108		
229	108		
230	108		
231	108		
232	108		
237	100001		
238	100001		
239	100001		
240	100001		
241	117		
242	117		
243	117		
244	117		
245	100001		
246	100001		
247	100001		
248	100001		
249	248		
250	248		
251	100001		
252	0		
253	0		
254	100001		
255	100001		
256	100001		
258	100001		
257	100001		
259	100001		
261	260		
262	260		
263	260		
264	260		
266	100001		
267	201		
268	172		
269	100001		
270	100001		
272	100001		
279	171		
280	171		
285	100001		
286	100001		
287	172		
290	132		
295	100001		
296	137		
299	191		
304	182		
305	182		
306	182		
307	182		
308	182		
309	182		
310	100001		
311	182		
312	100001		
313	100001		
314	100001		
315	100001		
316	100001		
317	100001		
318	100001		
319	100001		
320	100001		
321	100001		
322	100001		
323	100001		
324	100001		
325	100001		
326	100001		
329	100001		
330	100001		
331	100001		
333	100001		
334	100001		
335	172		
336	100001		
337	100001		
338	100001		
339	100001		
340	100001		
342	100001		
343	272		
344	272		
345	272		
346	272		
347	100001		
348	100001		
349	100001		
350	100001		
354	295		
355	100001		
356	100001		
358	182		
359	182		
360	182		
361	182		
364	100001		
365	100001		
366	100001		
367	100001		
368	100001		
369	100001		
370	100001		
371	100001		
372	100001		
373	100001		
374	100001		
375	100001		
376	100001		
377	100001		
378	100001		
379	100001		
380	100001		
381	100001		
382	285		
383	100001		
384	100001		
385	100001		
386	100001		
387	100001		
388	182		
389	100001		
390	389		
391	200		
392	200		
393	200		
394	248		
395	100001		
396	100001		
397	196		
401	100001		
402	100001		
431	171		
419	100001		
421	100001		
422	100001		
423	269		
424	269		
427	295		
428	269		
432	171		
433	171		
434	100001		
435	100001		
436	141		
437	225		
438	100001		
439	100001		
440	100001		
441	269		
443	100001		
444	100001		
445	100001		
446	100001		
447	100001		
448	100001		
449	100001		
450	100001		
451	100001		
452	100001		
453	100001		
454	100001		
455	100001		
456	100001		
457	100001		
458	100001		
459	100001		
460	100001		
461	100001		
462	100001		
463	100001		
464	100001		
465	100001		
466	100001		
467	108		
469	100001		
470	100001		
471	100001		
472	100001		
473	297		
474	100001		
475	100001		
476	100001		
485	100001		
486	100001		
487	100001		
488	182		
493	100001		
500	100001		
501	100001		
502	301	 
502    302	
503	100001		
504	100001		
505	100001		
477	100001		
480	100001		
481	100001		
482	100001		
483	100001		
484	100001		
506	100001		
512	100001		
513	100001		
514	100001		
515	285		
516	100001		
517	100001		
518	100001		
519	295		
520	295		
521	100001		
522	100001		
523	100001		
524	100001		
525	100001		
526	100001		
527	100001		
528	150		
530	100001		
531	0		
532	159		
533	182		
534	182		
535	182		
547	100001		
548	100001		
549	100001		
550	100001		
551	100001		
552	100001		
553	100001		
554	380		
555	56		
558	100001		
559	100001		
560	100001		
561	100001		
563	100001		
564	369		
567	295		
568	100001		
569	100001		
570	370		
571	370		
574	573		
575	573		
586	362		
587	100001		
593	100001		
594	100001		
595	100001		
596	100001		
597	596		
598	596		
599	596		
600	596		
601	100001		
604	531		
605	531		
606	531		
607	531		
615	100001		
616	100001		
617	100001		
618	100001		
619	100001		
620	100001		
621	100001		
622	100001		
623	380		
624	100001		
631	630		
633	632		
635	634		
636	297		
637	297		
639	311		
640	100001		
641	100001		
642	100001		
644	643		
645	486		
646	525		
650	100001		
652	100001		
653	301		
655	100001		
656	100001		
657	100001		
674	171		
675	E1		
676	E1		
677	E1		
678	100001		
679	348		
680	348		
683	684		
684	683		
686	100001		
687	182		
688	100001		
690	100001		
691	100001		
692	385		
695	100001		
696	532		
697	532		
698	100001		
699	100001		
700	100001		
701	100001		
702	100001		
703	100001		
704	100001		
705	100001		
706	100001		
707	100001		
708	100001		
709	316		
710	100001		
711	100001		
712	100001		
714	469		
716	100001		
717	100001		
718	717		
720	100001		
722	531		
723	100001		
727	100001		
736	681		
737	726		
738	726		
739	100001		
746	493		
748	502		
749	502		
750	301		
751	301		
752	523		
755	100001		
756	100001		
757	385		
758	0		
759	385		
760	100001		
761	E1		
762	E1		
763	E1		
765	764		
766	764		
767	764		
768	764		
769	764		
770	764		
771	764		
772	764		
773	764		
774	764		
775	764		
776	577		
781	100001		
782	100001		
783	0		
784	0		
800	182		
801	182		
802	182		
805	100001		
806	100001		
809	100001		
810	100001		
811	100001		
812	100001		
813	100001		
814	100001		
815	100001		
816	100001		
817	100001		
818	100001		
819	100001		
820	100001		
821	100001		
822	100001		
823	100001		
824	100001		
825	100001		
826	100001		
827	100001		
828	100001		
829	100001		
830	100001		
831	100001		
832	100001		
853	681		
854	681		
855	681		
856	681		
860	0		
861	100001		
862	100001		
876	654		
880	100001		
881	100001		
882	100001		
885	531		
850	100001		
851	100001		
852	100001		
903	100001		
904	100001		
909	514		
910	514		
911	514		
912	385		
913	285		
914	285		
915	285		
916	285		
917	285		
918	100001		
923	922		
925	531		
926	531		
927	531		
928	531		
929	389		
930	389		
931	389		
932	389		
933	E1		
944	100001		
952	100001		
953	100001		
954	629		
955	513		
956	0		
957	0		
960	658		
961	658		
979	E1		
980	E1		
981	E1		
1005	654		
1006	654		
1008	1007		
1009	100001		
1012	100001		
1018	983		
1019	983		
1020	983		
1021	983		
1013	689		
1014	689		
1015	689		
1016	689		
1017	689		
1046	100001		
1048	E1		
1054	100001		
1056	100001		
1057	100001		
1058	100001		
1059	100001		
1060	100001		
1061	100001		
1062	100001		
1063	100001		
1064	100001		
1065	100001		
1066	100001		
1067	100001		
1068	100001		
1069	100001		
1070	100001		
1076	653		
1077	1076		
1078	1076		
1079	1076		
1084	100001		
1122	0		
1123	0		
1124	0		
1125	0		
1126	0		
1127	0		
1129	1128		
1130	1128		
1137	493		
1138	493		
1153	100001		
1167	100001		
1172	0		
1173	0		
1174	502		
1175	502		
1176	502		
1177	502		
1178	502		
1179	301		
1180	301		
1181	301		
1182	301		
1183	301		
1184	301		
1185	301		
1186	301		
1187	301		
1188	301		
1199	100001		
1200	100001		
1201	100001		
1202	100001		
1203	100001		
1204	100001		
1205	100001		
1206	100001		
1211	758		
1212	689		
1213	689		
1214	689		
1215	689		
1262	713		
1263	713		
1282	0		
1283	0		
1284	0		
1285	0		
1286	0		
1287	0		
1288	0		
1289	0		
1290	0		
1291	0		
1292	0		
1293	0		
1294	0		
1295	0		
1296	0		
1297	0		
1298	0		
1299	0		
1327	100001		
1347	100001		
1317	1316		
1318	1316		
1353	100001		
1357	1131		
1358	1131		
1359	1131		
1360	1131		
1361	1131		
1389	873		
1390	753		
1404	0		
1405	1406		
1406	0		
1407	0		
1409	0		
1410	0		
1411	0		
1412	0		
1413	0		
1414	0		
1415	0		
1416	0		
1418	757		
1421	689		
1422	689		
1423	100001		
1424	100001		
1431	100001		
1432	100001		
1433	100001		
1434	100001		
1435	100001		
1436	100001		
1437	100001		
1438	100001		
1439	100001		
1440	100001		
1444	1443		
1445	1443		
1450	809		
1452	100001		
1455	137		
1456	100001		
1500	0		
1501	0		
1507	1500		
1508	1500		
1509	1500		
1516	0		
1517	0		
1518	0		
1519	0		
1520	0		
1521	0		
1522	0		
1523	0		
1524	0		
1525	0		
1526	0		
1527	0		
1528	0		
1529	0		
1530	0		
1531	0		
1532	0		
1533	0		
1534	0		
1535	0		
1536	0		
1537	0		
1538	0		
1539	0		
1540	0		
1541	0		
1542	0		
1543	0		
1544	0		
1545	0		
1546	0		
1547	0		
1548	0		
1549	0		
1550	0		
1551	0		
1552	0		
1553	0		
1554	0		
1555	0		
1556	0		
1557	0		
1558	0		
1559	0		
1560	0		
1566	0		
1567	0		
1568	0		
1569	0		
1570	0		
1571	0		
1572	0		
1573	0		
1574	0		
1575	0		
1576	0		
1577	0		
1578	0		
1579	0		
1580	0		
1581	100001		
1582	100001		
1583	100001		
1584	100001		
1609	100001		
1610	0		
1611	0		
1612	0		
1613	0		
1614	100001		
1659	0		
1660	0		
1669	0		
1670	0		
1671	0		
1672	0		
1673	0		
1674	0		
1675	0		
1676	0		
1677	0		
1678	0		
1679	0		
1680	0		
1681	0		
1682	0		
1683	0		
1684	0		
1685	0		
1686	0		
1687	0		
1688	0		
1689	0		
1690	0		
1691	0		
1692	0		
1693	0		
1694	0		
1695	0		
1696	0		
1697	0		
1698	0		
1699	0		
1700	0		
1701	0		
1702	0		
1703	0		
1704	0		
1705	0		
1706	0		
1707	0		
1708	0		
1709	0		
1710	0		
1711	0		
1716	689		
1717	689		
1718	1716		
1722	0		
1723	0		
1724	0		
1725	0		
1740	100001		
1759	100001		
1760	100001		
1761	0		
1762	0		
1763	0		
1764	0		
1765	0		
1766	0		
1767	0		
1768	0		
1769	0		
1770	0		
1771	0		
1772	0		
1773	0		
1774	0		
1775	0		
1776	0		
1777	0		
1778	0		
1779	0		
1780	0		
1781	0		
1782	0		
1783	0		
1784	0		
1785	0		
1786	0		
1787	0		
1788	0		
1789	0		
1790	0		
1791	0		
1792	0		
1793	0		
1794	0		
1795	0		
1796	0		
1797	0		
1798	0		
1799	0		
1800	0		
1801	0		
1802	0		
1803	0		
1804	0		
1805	0		
1806	0		
1807	0		
1808	0		
1809	0		
1810	0		
1811	0		
1812	0		
1813	0		
1814	0		
1815	0		
1816	0		
1817	0		
1818	0		
1819	0		
1820	0		
1821	0		
1822	0		
1823	0		
1824	0		
1825	0		
1826	0		
1827	0		
1828	0		
1829	0		
1830	0		
1831	0		
1832	0		
1833	0		
1834	0		
1835	0		
1836	0		
1837	0		
1838	0		
1839	0		
1840	0		
1841	0		
1842	0		
1843	0		
1844	0		
1845	0		
1846	0		
1847	0		
1848	0		
1849	0		
1850	0		
1851	0		
1852	0		
1853	0		
1854	0		
1855	0		
1856	0		
1857	0		
1858	0		
1859	0		
1860	0		
1861	0		
1862	0		
1863	0		
1864	0		
1865	0		
1866	0		
1867	0		
1868	0		
1869	0		
1870	0		
1881	100001		
1882	100001		
1886	100001		
1890	100001		
1891	100001		
1947	100001		
1948	100001		
1949	100001		
1950	689		
1951	689		
1967	0		
1968	0		
1969	0		
1970	0		
1971	0		
1972	0		
1973	0		
1974	0		
1999	0		
2000	0		
2001	0		
2002	0		
2003	0		
2004	0		
2005	0		
2006	0		
2007	0		
2008	0		
2009	0		
2010	0		
2015	0		
2065	0		
2094	0		
2103	0		
2104	0		
2105	0		
2106	0		
2107	0		
2108	0		
2109	0		
2110	0		
2111	0		
2112	0		
2113	0		
2200	100001		
2201	100001		
2202	100001		
2203	100001		
2208	1262		
2209	1262		
2210	1262		
2211	1263		
2212	0		
2215	0		
2219	100001		
2222	0		
2223	0		
2224	0		
2225	0		
2226	0		
2227	0		
2228	0		
2229	0		
2230	0		
2231	0		
2232	0		
2233	0		
2234	0		
2235	0		
2236	0		
2237	0		
2238	0		
2239	0		
2240	0		
2241	0		
2242	0		
2243	0		
2244	0		
2245	0		
2246	0		
2247	0		
2248	0		
2249	0		
2250	0		
2251	0		
2252	0		
2253	0		
2254	0		
2255	0		
2256	0		
2257	0		
2258	0		
2259	0		
2260	0		
2261	0		
2262	0		
2263	0		
2264	0		
2265	0		
2266	0		
2267	0		
2268	0		
2269	0		
2270	0		
2271	0		
2272	0		
2273	0		
2274	0		
2275	0		
2276	0		
2277	0		
2278	0		
2279	0		
2280	0		
2281	0		
2282	0		
2283	0		
2284	0		
2285	0		
2286	0		
2287	0		
2288	0		
2289	0		
2290	0		
2291	0		
2292	0		
2293	0		
2294	0		
2482	1215		
2483	1215		
2484	1017		
2513	100001		
2514	100001		
2527	0		
2531	0		
2532	0		
2533	0		
2534	0		
2535	0		
2536	0		
2544	0		
2545	0		
2551	0		
2552	0		
2606	0		
2607	0		
2608	0		
2609	0		
2610	0		
2611	0		
2612	0		
2613	0		
2614	0		
2615	0		
2616	0		
2617	0		
2618	0		
2619	0		
2620	0		
2621	0		
2622	0		
2623	0		
2624	0		
2625	0		
2626	0		
2627	0		
2628	0		
2629	0		
2630	0		
2631	0		
2744	0		
2747	0		
2748	0		
2749	0		
2750	0		
2751	0		
2752	0		
2753	0		
2754	0		
2755	0		
2756	0		
2757	0		
2758	0		
2759	0		
2760	0		
2761	0		
2762	0		
2763	0		
2764	0		
2765	0		
2766	0		
2767	0		
2768	0		
2769	0		
2770	0		
2771	0		
2772	0		
2773	0		
2774	0		
2775	0		
2776	0		
2777	0		
2778	0		
2779	0		
2780	0		
2781	0		
2782	0		
2783	0		
2784	0		
2785	0		
2786	0		
2787	0		
2788	0		
2789	0		
2790	0		
2791	0		
2792	0		
2793	0		
2794	0		
2795	0		
2796	0		
2797	0		
2798	0		
2799	0		
2800	0		
2801	0		
2802	0		
2803	0		
2804	0		
2805	0		
2806	0		
2807	0		
2808	0		
2809	0		
2810	0		
2811	0		
2812	0		
2813	0		
2814	0		
2815	0		
2816	0		
2817	0		
2818	0		
2819	0		
2820	0		
2821	0		
2822	0		
2823	0		
2824	0		
2825	0		
2826	0		
2827	0		
2828	0		
2829	0		
2830	0		
2831	0		
2832	0		
2833	0		
2834	0		
2835	0		
2836	0		
2837	0		
2838	0		
2839	0		
2840	0		
2841	0		
2842	0		
2843	0		
2846	0		
2847	0		
2848	0		
2849	0		
2869	2868		
2890	0		
2891	0		
2892	0		
2975	0		
2976	0		
3072	2868		
3073	2868		
3074	2868		
3075	2868		
3076	2868		
3082	100001		
3083	100001		
3084	100001		
3085	100001		
3086	100001		
3087	100001		
3099	2868		
3100	2868		
3101	2868		
3102	2868		
3103	2868		
3104	0		
3106	0		
3107	0		
3108	0		
3109	0		
3144	100001		
3145	100001		
3146	100001		
3207	0		
3208	0		
3209	0		
3210	0		
3211	0		
3230	0		
3231	0		
3232	756		
3233	756		
3234	1457		
3235	100001		
3236	100001		
3237	0		
3238	0		
3239	0		
3241	0		
3243	1950		
3246	0		
3247	0		
3360	0		
3361	0		
3362	0		
3364	0		
3365	0		
3366	0		
3367	0		
3368	0		
3369	0		
3370	0		
3371	0		
3372	0		
3373	0		
3382	0		
3383	0		
3384	0		
3385	0		
3386	0		
3387	0		
3388	0		
3389	0		
3390	0		
3391	0		
3392	0		
3393	0		
3394	0		
3395	0		
3396	0		
3399	0		
3400	0		
3402	0		
3403	0		
3404	0		
3405	0		
3406	0		
3407	0		
3408	0		
3409	0		
3410	0		
3411	0		
3412	0		
3413	0		
3414	0		
3415	0		
3416	0		
3417	0		
3418	0		
3419	0		
3420	0		
3421	0		
3422	0		
3423	0		
3424	0		
3425	0		
3426	0		
3427	0		
3428	0		
3429	0		
3430	0		
3431	0		
3432	0		
3433	0		
3434	0		
3435	0		
3436	0		
3437	0		
3438	0		
3439	0		
3440	0		
3441	0		
3442	0		
3443	0		
3444	0		
3445	0		
3446	0		
3447	0		
3448	0		
3449	0		
3450	0		
3451	0		
3452	0		
3456	0		
3457	100001		
3458	100001		
3459	100001		
3491	100001		
3495	0		
3496	0		
3497	0		
3498	0		
3499	0		
3500	0		
3501	0		
3572	0		
3573	100001		
3725	0		
3790	0		
3791	0		
3792	0		
3793	0		
3794	0		
3795	0		
3710	0		
3711	0		
3712	0		
3713	0		
3714	0		
3720	0		
3724	100001		
3731	100001		
3732	3731		
3788	100001		
3824	100001		
3825	0		
3826	0		
3827	0		
3828	0		
3832	0		
3833	0		
3834	0		
3835	0		
3836	0		
3837	0		
3838	0		
3839	0		
3840	0		
3841	0		
3842	0		
3843	0		
3844	0		
3845	0		
3847	0		
3848	0		
3849	0		
3850	0		
3851	0		
3852	0		
3853	0		
3854	0		
3855	0		
3856	0		
3857	0		
3858	0		
3859	0		
3860	0		
3861	0		
3862	0		
3863	0		
3864	0		
3865	0		
3866	0		
3867	0		
3868	0		
3869	0		
3870	0		
3871	0		
3872	0		
3873	0		
3874	0		
3875	0		
3876	0		
3877	0		
3878	0		
3879	0		
3880	0		
3881	0		
3882	0		
3883	0		
3884	0		
3886	0		
3887	0		
3889	0		
3890	0		
3891	0		
3892	0		
3893	0		
3894	0		
3895	0		
3896	0		
3897	0		
3898	0		
3899	0		
3902	0		
3903	0		
3904	0		
3905	0		
3906	0		
3907	0		
3908	0		
3909	0		
3910	0		
3911	0		
3912	0		
3913	0		
3914	0		
3915	0		
3916	0		
3917	0		
3918	0		
3919	0		
3920	0		
3921	0		
3922	0		
4147	0		
4148	0		
4149	0		
4158	0		
4159	0		
4160	0		
4161	0		
4162	0		
4163	0		
4164	0		
4165	0		
4166	0		
4290	0		
4291	0		
4292	0		
4293	0		
4294	0		
4295	0		
4298	1442		
4362	0		
4363	630		
4364	3236		
4365	1717		
4366	0		
4367	0		
4368	0		
4369	0		
4370	689		
4371	100001		
4372	2587		
4373	2587		
4374	0		
4395	0		
4396	0		
4397	0		
4398	0		
4399	0		
4400	0		
4402	0		
4403	0		
4404	0		
4405	0		
4406	0		
4407	0		
4408	0		
4410	0		
4411	0		
4412	0		
4413	0		
4414	0		
4415	0		
4416	0		
4417	0		
4418	0		
4419	0		
4420	0		
4421	0		
4422	0		
4423	0		
4424	0		
4425	0		
4426	0		
4427	0		
4428	0		
4429	0		
4449	0		
4450	0		
4451	0		
4454	0		
4455	0		
4456	0		
4457	0		
4458	0		
4459	0		
4460	0		
4461	0		
4462	0		
4463	0		
4464	0		
4465	0		
4466	0		
4467	0		
4468	0		
4470	0		
4471	0		
4472	0		
4473	0		
4477	0		
4478	0		
4479	0		
4482	0		
4483	0		
4484	0		
4486	0		
4487	0		
4488	0		
4490	100001		
4491	100001		
4492	100001		
4493	100001		
4494	100001		
4495	100001		
4499	0		
4500	0		
4501	0		
4556	4555		
4559	0		
4560	0		
4561	0		
4562	0		
4564	4563		
4757	100001		
4803	0		
4859	0		
4860	2587		
4862	0		
4863	0		
4864	0		
4865	100001		
4866	0		
4867	0		
4868	0		
4869	2113		
4882	0		
4883	0		
4884	0		
4885	0		
4886	0		
4887	0		
4888	0		
4889	0		
4890	0		
4891	0		
4892	0		
4893	0		
4894	0		
4895	0		
4896	0		
4897	0		
4907	3797		
4908	3797		
4909	3797		
4910	3797		
4911	3797		
4912	3797		
4913	3797		
4914	3489		
4915	0		
4916	0		
4919	3489		
4920	3489		
4921	3489		
4922	3489		
4923	3489		
4924	4917		
4925	4917		
4926	4917		
4929	100001		
4930	100001		
4934	100001		
4935	100001		
5031	100001		
5032	100001		
5275	0		
5276	0		
5277	0		
5283	0		
5284	0		
5285	0		
5286	0		
5342	0		
5343	0		
5344	0		
5345	0		
5346	0		
5347	0		
5348	0		
5349	0		
5350	0		
5351	100001		
5386	4870		
5387	3236		
5388	0		
5389	0		
5479	1714		
5480	3490		
5543	0		
5544	5546		
5545	5546		
5546	3830		
5550	100001		
5551	2859		
5621	0		
5622	0		
5623	0		
5624	0		
5625	0		
5632	0		
5633	0		
5634	0		
5635	0		
5636	0		
5637	0		
5638	0		
5639	0		
5641	0		
5642	0		
5938	5937		
5939	5937		
5940	5937		
5980	5937		
5981	5937		
5982	5937		
5983	5937		
5984	5937		
6208	2892		
6209	1717		
6210	4370		
6211	1014		
6212	4860		
6213	4860		
6214	4860		
6215	0		
6216	0		
6217	285		
6264	2892		
6265	2892		
6266	0		
6279	3830		
6280	3830		
6281	3830		
6282	3830		
6286	100001		
6613	0		
6614	0		
6615	0		
6616	0		
6617	0		
6618	0		
6619	0		
6620	0		
6621	0		
6622	0		
6623	0		
6624	0		
6625	0		
6626	0		
6627	0		
6628	0		
6629	0		
6630	0		
6631	0		
6632	0		
6727	4906		
6728	4906		
6729	4906		
6826	4862		
6827	4862		
6828	1716		
6829	1716		
6830	2482		
6831	1212		
6832	6209		
6834	4864		
6835	6834		
6911	0		
6912	0		
6995	1062		
6996	1062		
7599	4905		
7600	4905		
7678	6268		
7679	1215		
7680	1215		
7681	2111		
7682	1215		
7683	1215		
7684	1215		
7897	100001		
7898	100001		
8008	1418		
8010	0		
8011	0		
8012	0		
8017	0		
8018	0		
8019	0		
8020	0		
8022	0		
8455	1215		
8457	100001		
8459	5385		
8461	5385		
8462	3835		
8463	2892		
8464	3835		
8465	3835		
8762	100001		
8955	0		
8956	0		
8957	0		
8958	0		
8959	0		
8960	0		
8961	0		
8962	0		
8963	0		
8964	0		
8965	0		
8966	0		
8967	0		
8968	0		
8969	0		
9078	0		
9079	0		
9080	0		
9254	6266		
9255	6266		
9256	6266		
9257	6266		
9258	5387		
9259	5387		
9260	5387		
9261	4859		
9262	7681		
9263	7681		
9264	3834		
9265	3834		
9266	3834		
9267	0		
9434	4933		
9435	100001		
10743	6212	
10743  4860	
10744	6212	
10744  4860
10746	2587		
10749	5385		
10750	6833		
10751	5385		
10752	8460		
10753	0		
10885	100001		
10886	100001		
10887	100001		
10891	100001		
10892	100001		
11578	6211		
11580	689		
11581	689		
11582	689		
11583	689		
11584	689		
11585	689		
11586	689		
11587	689		
11588	689		
11591	8460		
11592	8460		
11593	10747		
11831	10454		
11832	10454		
11833	10454		
11834	10454		
11835	10454		
11836	10454		
12563	10747		
12565	8464		
12566	8463		
12567	8464		
12568	8463		
12569	8463		
12570	8463		
12571	8463		
12572	8463		
12576	0		
12577	0		
12578	0		
12579	0		
12580	0		
12581	9266		
12582	9266		
12583	9266		
12584	9266		
12585	11590		
12587	4861		
12588	8460		
12589	8460		
12590	8460		
12591	8460		
12592	8460		
12593	8894	 
12593  8898	
12595	1013		
12596	8460		
12810	0		
12811	0		
13026	11597		
13027	11597		
13028	11597		
13029	11597		
13030	11597		
13031	11597		
13430	10454		
13431	10454		
13628	4862		
13629	4862		
13630	689		
13631	689		
13632	689		
13633	11589		
13634	4866		
13635	4866		
13636	4866		
13638	10747		
13639	10747		
13641	8460		
13642	8460		
13643	1316		
13644	3244		
13645	3244		
13646	3244		
13647	3244		
13648	3244		
13649	3244		
13650	10745		
13651	10745		
13652	10745		
13653	689		
13654	689		
13655	689		
13656	689		
13657	689		
13658	689		
13659	689		
13660	689		
13662	4862		
13663	4862		
13664	4862		
13665	4862		
13698	2891		
13699	2891		
13700	2891		
13701	2891		
13702	2891		
14677	10454		
14678	10454		
14697	6833		
14698	4869		
14699	8460		
14700	9257		
14701	2892		
14702	689		
14703	689		
14704	6212		
14705	6212		
14707	12587		
14708	3237	
14708  3241	
14709	13637		
14710	13637		
14713	11579		
14714	11579		
14715	12589	
14715  12591	
14716	11583		
14717	4862		
14718	4862		
14719	4862		
14720	11579		
14721	11579		
14723	689		
14724	689		
14725	689		
16068	689		
16127	13637		
17893	14707		
17894	8460		
17895	8460		
17896	8460		
17897	8460		
17898	13700		
17899	13700		
17900	13700		
17901	8460		
17902	8894		
17903	8460		
17904	8460		
17905	2106		
18790	12589		
18791	12589		
18795	12589		
18973	689		
18974	689		
18975	12576		
20411	7678		
20412	8461		
20414	13641		
20415	13641		
20416	13641		
20496	14724		
20497	689		
21459	8460		
21461	9257		
21462	9257		
21463	16136		
21464	20410		
21465	20410		
21466	20410		
21467	20410		
21468	20410		
21469	20410		
21470	20410		
21471	20410		
21472	20410		
21473	4866		
21474	5387		
21570	10747		
21571	18793		
21704	21703		
21712	19074		
23145	18793		
23146	29444		
23147	29444		
23148	10745		
23149	29444		
23150	29444		
23151	29444		
23152	14721		
23154	8460		
23155	20410		
23156	20410		
23157	20410		
23158	20410		
23159	20410		
23160	3833		
23424	5387		
23427	8460		
23428	14721		
23429	20410		
23430	20410		
23431	20410		
23432	20410		
23433	20410		
23434	20410		
23443	0		
23444	0		
24594	29444		
24595	20410		
24596	20410		
24597	20410		
24598	20410		
24599	20410		
24600	1014		
24601	2892		
24602	2892		
24603	2892		
24604	2892		
24605	2892		
24606	2892		
24608	18789		
24779	21710		
24781	19074		
24842	20410		
24843	20410		
24844	20410		
24845	20410		
24846	2892		
24847	2892		
24848	2892		
24849	14723		
24850	23425		
24851	23425		
24852	23425		
26467	21463		
26740	20413		
26741	20416		
28004	21463	 
28004  28005	
28005	21463		
28006	23153		
28007	23153		
28008	8460		
28091	14708		
28462	29444		
28464	20416		
28465	20416		
28466	20416		
28467	20416		
28468	20416		
28469	20416		
28475	0		
28517	14722		
28518	23153		
28519	14722		
28542	0		
28921	12576		
28922	17364		
28923	28464		
28924	20416		
28925	6833		
28926	20416		
28927	6833		
28928	20416		
28929	20416		
28996	13658		
29405	26467		
29406	8460		
29407	8460		
29408	23429	 
29408  24602	 
29408  24603
29409	24602		
29410	12576		
29411	12576		
29412	24605		
29413	24848		
29414	24846		
29415	24602		
29416	23429	 
29416  24602	
29417	24603		
29418	24605		
29419	24605		
29420	12576		
29421	24848		
29422	29443		
29423	29444		
29424	29444		
29508	12961		
29509	12575		
29510	12575		
29511	12575		
29512	12575		
29513	12575		
29514	12564		
29900	29897	 
29900  29898	 
29900  29899
29901	5387		
29902	5387		
29903	5387		
29904	5387		
29905	12584		
29906	12584		
29907	12584		
29991	2098		
30068	28008		
30069	16136		
30070	29405		
30071	30609		
30072	30609		
30073	30609		
30074	30609		
30075	30609		
30076	28995		
30077	10745		
30079	20416		
30602	29443	
30602  29422		
30603	29443	
30603  29422	
30604	10745		
30605	8460		
30606	8460		
30607	2892		
30608	14722		
30609	21570		
30666	29515		
30667	29515		
30668	29515		
31175	28929		
31176	28929		
31178	14721		
31179	14721		
31300	29444		
31304	13662		
31305	13662		
31306	13662		
31831	30609		
31832	28995		
31833	28995		
31834	28995		
31835	28995		
31836	28995		
31837	28995		
31838	28995		
31840	30609		
31841	28995		
31842	28995		
31843	28995		
31844	28995		
31845	28995		
31846	28995		
31847	28995		
31848	28995		
31849	28995		
31850	28995		
31851	28995		
31852	30076		
31856	8894		
31857	31176		
31906	30610		
31907	30610		
31908	30610		
31909	30610		
31910	30610		
31911	30610		
31912	30610		
31914	28995		
32852	20411		
32854	14704		
32855	14704		
32857	29405		
32909	29425		
32910	29425		
32911	29425		
32912	29425		
32913	30071		
32914	29425		
32915	30071		
32916	30071		
32917	30071		
32918	30071		
32919	30071		
32920	30071		
32921	31854		
33735	29405		
33736	29405		
33737	16136		
33738	32852		
33739	32852		
33740	31301		
33742	31298		
33743	31298		
33744	31298		
33745	31298		
33746	31298		
33747	31298		
33748	31298		
33749	31298		
33750	31298		
33751	31298		
33752	31298		
33753	31298		
33799	8460		
34874	31857		
34875	31856		
34876	31856		
34931	31298		
34932	31298		
34933	31298		
35842	32851		
35843	32851		
35844	32851		
35845	32851		
35847	24604	 
35847  24602	
35848	29421		
35849	24604	 
35849  24848	
35850	29421		
35851	29416		
35852	29416		
35853	29416		
35854	29417		
35855	29416		
35856	29408	 
35856  29421	
35857	29906		
35858	29425		
35859	29425		
35860	29425		
35861	29425		
35862	28995		
35863	28995		
35864	28995		
35865	28995		
35866	28995		
35867	28995		
35868	28995		
35869	28995		
35870	28995		
35871	28995		
35873	32857		
35874	32857		
35875	32857		
35876	32857		
35877	32857		
35878	32857		
35879	32857		
35880	32857		
35881	32857		
35882	32857		
35883	32857		
35884	32857		
36893	31913		
36894	31913		
36895	31913		
36896	31913		
36897	31913		
36898	20410		
36899	20410		
36900	23146		
36901	23151		
36902	23151		
36903	C0		
36904	C0		
36905	20410		
36906	20410		
36907	20410		
36908	28008		
36909	31909		
36910	31910		
36912	23151		
36913	23151		
36914	23146		
36915	29422		
36916	30068		
36917	30068		
36918	30068		
36919	32857		
36920	32857		
36921	32857		
36922	35873		
36923	32857		
36924	32857		
36925	32857		
41498	29444		
41499	43711		
42747	43711		
42751	43712		
42752	43711		
42755	43711		
42756	43711		
42757	43711		
42758	43711		
42759	43711		
42760	43711		
42761	43711		
42762	43711		
42763	43711		
42839	43711		
43732	43711		
43736	43713		
43737	43711		
43738	43711		
56579	43711		
56580	27635		
66977	27636
